0 -1.0963e-21
124.53 1.90476e-05
180.951 3.80952e-05
225.069 5.71429e-05
265.824 7.61905e-05
305.258 9.52381e-05
344.132 0.000114286
382.088 0.000133333
405.879 0.000152381
413.633 0.000171429
421.259 0.000190476
428.753 0.000209524
436.108 0.000228571
443.319 0.000247619
450.362 0.000266667
456.644 0.000285714
462.814 0.000304762
468.868 0.00032381
474.696 0.000342857
477.171 0.000361905
478.353 0.000380952
479.299 0.0004
480.229 0.000419048
481.143 0.000438095
481.923 0.000457143
482.6 0.00047619
483.276 0.000495238
483.95 0.000514286
484.028 0.000533333
483.974 0.000552381
483.911 0.000571429
483.841 0.000590476
483.761 0.000609524
483.672 0.000628571
483.573 0.000647619
483.465 0.000666667
483.347 0.000685714
483.218 0.000704762
483.078 0.00072381
482.927 0.000742857
482.764 0.000761905
482.589 0.000780952
482.401 0.0008
482.2 0.000819048
481.985 0.000838095
481.755 0.000857143
481.51 0.00087619
481.249 0.000895238
480.972 0.000914286
480.676 0.000933333
480.362 0.000952381
480.028 0.000971429
479.673 0.000990476
479.289 0.00100952
478.864 0.00102857
478.408 0.00104762
477.916 0.00106667
477.384 0.00108571
476.807 0.00110476
476.177 0.00112381
475.487 0.00114286
474.61 0.0011619
473.507 0.00118095
472.823 0.0012
472.551 0.00121905
472.232 0.0012381
471.857 0.00125714
471.415 0.00127619
470.889 0.00129524
470.255 0.00131429
469.379 0.00133333
469.223 0.00135238
469.487 0.00137143
469.792 0.00139048
470.096 0.00140952
470.4 0.00142857
470.704 0.00144762
471.008 0.00146667
471.311 0.00148571
471.615 0.00150476
471.918 0.00152381
472.221 0.00154286
472.524 0.0015619
472.826 0.00158095
473.129 0.0016
473.431 0.00161905
473.733 0.0016381
474.034 0.00165714
474.336 0.00167619
474.637 0.00169524
474.938 0.00171429
475.239 0.00173333
475.54 0.00175238
475.84 0.00177143
476.14 0.00179048
476.44 0.00180952
476.739 0.00182857
477.038 0.00184762
477.337 0.00186667
477.636 0.00188571
477.934 0.00190476
